0.00,46.49,44.60,45.18,45.65,43.42,42.19,43.27,50.91,45.49,45.79,47.17,53.76,50.00,51.04,49.40,74.09,73.06,16.64,76.66,74.71,73.35,79.92,76.94,80.78,79.76,76.92,83.35,81.41,85.44,85.09,84.12,82.29,86.95,86.77,83.63,85.87,76.11,76.01,76.01,75.66,79.03,79.01,79.31,82.05,82.30,84.05,84.01,84.05,86.05,89.01,89.14,80.96,82.30,83.19,85.00,86.95,84.58,87.24,86.16,90.82,90.87,91.71,93.94,93.47,91.92,99.28,46.62,53.15,47.17,48.88,53.26,56.85,52.35,55.32,56.85,53.74,56.57,58.73,60.14,62.94,10.00,5.00,17.00,12.21,9.22,6.40,5.83,3.16,9.43,12.53,11.18,8.94,10.05,12.04,6.00,10.00,15.00,22.36,11.18,13.42,8.94,6.71,14.14,11.31,6.40,7.81,10.82,21.63,24.04,20.62,5.83,10.30,16.12,17.00,20.02,16.55,13.42,18.03,7.07,7.07
46.49,0.00,2.00,7.21,8.06,8.49,10.63,12.04,22.47,11.66,10.30,10.77,22.56,15.52,14.14,11.18,48.26,48.51,35.01,51.24,51.79,52.39,53.04,53.60,54.04,54.15,54.92,57.04,57.31,66.49,59.03,59.14,59.54,60.00,62.13,60.41,62.29,72.95,74.63,75.80,80.72,76.55,78.24,81.84,78.55,84.20,80.26,81.30,83.49,81.99,86.61,88.75,98.01,100.44,100.00,103.23,106.51,100.42,105.21,100.00,108.60,105.76,107.30,111.21,109.48,105.55,114.98,82.87,82.86,84.59,86.58,87.10,90.47,84.65,88.53,90.47,85.16,87.64,90.52,89.81,93.61,37.16,41.79,29.83,34.93,38.08,40.52,42.20,43.32,39.62,38.21,39.32,40.61,43.29,43.10,44.91,44.28,44.00,54.23,49.25,50.09,48.51,47.85,54.23,52.47,50.22,50.99,53.76,32.14,37.85,49.25,40.80,36.40,30.81,36.00,45.28,51.00,33.24,34.00,43.83,52.92
44.60,2.00,0.00,6.32,7.28,7.21,9.22,10.82,21.84,10.77,9.49,10.20,22.20,15.13,14.00,11.00,48.09,48.26,33.02,51.09,51.48,51.97,53.00,53.34,54.00,54.04,54.59,57.00,57.14,66.10,59.00,59.03,59.30,60.03,62.03,60.21,62.13,71.87,73.50,74.63,79.40,75.47,77.10,80.60,77.52,83.01,79.26,80.26,82.38,81.01,85.59,87.66,96.40,98.81,98.41,101.61,104.86,98.86,103.60,98.49,107.00,104.24,105.76,109.64,107.94,104.06,113.45,80.89,80.96,82.61,84.59,85.15,88.53,82.71,86.59,88.53,83.24,85.73,88.60,87.92,91.71,35.34,39.92,27.89,32.98,36.14,38.60,40.26,41.44,37.66,36.22,37.34,38.64,41.30,41.11,42.95,42.30,42.00,52.24,47.27,48.09,46.53,45.89,52.24,50.49,48.27,49.03,51.79,30.15,35.90,47.27,38.90,34.48,28.86,34.00,43.29,49.00,31.32,32.00,42.06,51.08
45.18,7.21,6.32,0.00,1.00,2.00,4.12,5.00,15.52,4.47,3.16,4.00,16.03,9.00,8.25,5.39,42.01,42.11,31.78,45.01,45.28,45.71,47.04,47.17,48.04,48.00,48.37,51.04,51.04,59.84,53.04,53.00,53.15,54.15,56.00,54.08,56.04,65.73,67.42,68.60,73.59,69.34,71.03,74.65,71.34,77.01,73.06,74.09,76.28,74.79,79.40,81.54,91.26,93.74,93.23,96.52,99.86,93.60,98.47,93.09,101.83,98.86,100.42,104.40,102.62,98.60,108.07,78.23,77.37,80.10,82.10,82.04,85.33,79.43,83.36,85.33,79.83,82.23,85.15,84.20,88.06,36.62,40.82,28.18,33.11,36.25,38.91,40.31,42.06,37.34,35.44,36.69,38.28,40.52,40.02,42.72,41.48,40.45,50.01,46.32,46.87,45.88,45.54,51.20,49.73,48.10,48.70,51.24,28.16,33.06,45.01,39.36,34.89,29.07,32.56,41.01,47.38,31.76,30.59,43.60,51.97
45.65,8.06,7.28,1.00,0.00,2.24,4.00,4.47,14.56,3.61,2.24,3.00,15.03,8.00,7.28,4.47,41.01,41.11,32.02,44.01,44.28,44.72,46.04,46.17,47.04,47.00,47.38,50.04,50.04,58.86,52.04,52.00,52.15,53.15,55.00,53.08,55.04,64.90,66.61,67.80,72.86,68.51,70.21,73.88,70.49,76.22,72.20,73.25,75.45,73.93,78.55,80.71,90.70,93.19,92.66,95.96,99.32,93.01,97.91,92.46,101.26,98.23,99.81,103.81,102.00,97.95,107.45,78.16,77.13,80.06,82.05,81.88,85.16,79.25,83.19,85.16,79.62,82.00,84.93,83.93,87.80,37.20,41.34,28.65,33.54,36.67,39.36,40.72,42.54,37.70,35.74,37.00,38.63,40.80,40.26,43.08,41.76,40.61,50.04,46.57,47.07,46.17,45.88,51.42,50.00,48.47,49.04,51.55,28.28,33.02,45.04,39.82,35.36,29.53,32.76,41.05,47.52,32.25,30.81,44.20,52.48
43.42,8.49,7.21,2.00,2.24,0.00,2.24,3.61,15.13,4.00,3.16,4.47,16.03,9.22,8.94,6.40,42.01,42.01,29.83,45.01,45.10,45.40,47.17,47.04,48.17,48.04,48.17,51.16,51.00,59.54,53.15,53.04,53.04,54.33,56.04,54.01,56.00,64.66,66.29,67.42,72.25,68.26,69.89,73.41,70.33,75.80,72.07,73.06,75.17,73.82,78.39,80.45,89.63,92.09,91.61,94.87,98.18,92.01,96.83,91.55,100.21,97.31,98.86,102.80,101.04,97.08,106.53,76.24,75.43,78.10,80.10,80.06,83.36,77.47,81.39,83.36,77.88,80.28,83.20,82.28,86.13,35.00,39.12,26.42,31.30,34.44,37.12,38.48,40.31,35.47,33.53,34.79,36.40,38.60,38.08,40.85,39.56,38.47,48.01,44.38,44.91,43.97,43.66,49.24,47.80,46.24,46.82,49.34,26.17,31.06,43.01,37.59,33.12,27.29,30.59,39.01,45.40,30.02,28.64,42.01,50.25
42.19,10.63,9.22,4.12,4.00,2.24,0.00,2.00,14.00,3.61,3.61,5.00,15.30,8.94,9.22,7.21,41.11,41.01,28.16,44.10,44.01,44.18,46.39,46.00,47.38,47.17,47.04,50.36,50.04,58.31,52.35,52.15,52.00,53.60,55.15,53.01,55.04,62.77,64.35,65.46,70.18,66.37,67.96,71.40,68.48,73.82,70.24,71.20,73.25,72.01,76.54,78.55,87.42,89.87,89.40,92.66,95.96,89.81,94.63,89.38,98.01,95.13,96.67,100.60,98.86,94.92,104.35,74.17,73.25,76.06,78.06,77.93,81.22,75.31,79.25,81.22,75.71,78.10,81.02,80.08,83.93,34.06,38.01,25.24,30.02,33.12,35.85,37.12,39.12,34.01,31.95,33.24,34.93,37.00,36.40,39.40,37.95,36.67,46.04,42.72,43.17,42.38,42.15,47.54,46.17,44.78,45.31,47.76,24.33,29.02,41.05,36.36,31.91,26.08,28.86,37.05,43.57,28.84,26.93,41.11,49.09
43.27,12.04,10.82,5.00,4.47,3.61,2.00,0.00,12.00,2.24,3.00,4.12,13.34,7.21,7.81,6.32,39.12,39.01,28.79,42.11,42.01,42.19,44.41,44.00,45.40,45.18,45.04,48.37,48.04,56.32,50.36,50.16,50.00,51.62,53.15,51.01,53.04,61.06,62.68,63.82,68.68,64.66,66.29,69.81,66.73,72.20,68.48,69.46,71.56,70.24,74.79,76.85,86.27,88.75,88.23,91.53,94.87,88.60,93.48,88.09,96.83,93.86,95.43,99.40,97.62,93.61,103.08,74.06,72.78,76.01,78.01,77.65,80.89,74.97,78.92,80.89,75.31,77.67,80.60,79.56,83.43,35.38,39.20,26.40,31.06,34.13,36.89,38.08,40.22,34.89,32.70,34.01,35.78,37.70,37.00,40.25,38.63,37.11,46.17,43.32,43.68,43.08,42.95,48.08,46.82,45.62,46.10,48.47,24.74,29.02,41.19,37.44,33.02,27.20,29.41,37.22,43.93,30.00,27.51,42.45,50.22
50.91,22.47,21.84,15.52,14.56,15.13,14.00,12.00,0.00,11.18,12.37,11.70,3.16,7.21,9.22,11.66,27.17,27.02,34.83,30.15,30.02,30.27,32.56,32.00,33.54,33.24,33.06,36.50,36.06,44.41,38.47,38.21,38.00,39.81,41.19,39.01,41.05,51.22,53.15,54.49,60.31,54.82,56.73,60.81,56.61,62.97,58.25,59.41,61.85,59.91,64.64,67.01,80.06,82.73,81.88,85.42,89.00,81.99,87.24,80.99,90.43,86.82,88.51,92.78,90.74,86.27,95.96,74.55,71.11,76.79,78.77,77.03,80.00,74.00,78.00,80.00,74.03,76.11,79.10,77.41,81.39,44.41,47.51,35.00,38.95,41.73,44.55,45.28,48.10,41.77,39.05,40.46,42.52,43.60,42.44,46.86,44.41,41.68,48.70,48.55,48.37,48.83,49.20,52.84,52.15,52.01,52.20,54.08,30.00,31.78,44.01,45.28,41.11,35.61,35.00,40.31,47.85,38.42,33.42,51.40,57.98
45.49,11.66,10.77,4.47,3.61,4.00,3.61,2.24,11.18,0.00,1.41,2.00,12.04,5.39,5.66,4.12,38.01,38.01,31.02,41.01,41.11,41.44,43.19,43.05,44.18,44.05,44.18,47.17,47.00,55.58,49.16,49.04,49.04,50.36,52.04,50.01,52.00,61.29,63.01,64.20,69.31,64.90,66.61,70.29,66.89,72.62,68.60,69.64,71.85,70.33,74.95,77.10,87.37,89.89,89.31,92.65,96.04,89.63,94.58,89.02,97.91,94.81,96.40,100.44,98.60,94.49,104.02,76.03,74.53,78.00,80.00,79.51,82.73,76.79,80.75,82.73,77.10,79.43,82.38,81.25,85.15,37.54,41.40,28.60,33.29,36.36,39.12,40.31,42.44,37.12,34.93,36.25,38.01,39.92,39.22,42.49,40.85,39.29,48.26,45.54,45.88,45.31,45.19,50.29,49.04,47.85,48.33,50.70,26.93,31.06,43.29,39.66,35.23,29.41,31.62,39.32,46.10,32.20,29.73,44.60,52.43
45.79,10.30,9.49,3.16,2.24,3.16,3.61,3.00,12.37,1.41,0.00,1.41,13.00,6.08,5.83,3.61,39.00,39.05,31.62,42.00,42.19,42.58,44.10,44.10,45.10,45.01,45.28,48.09,48.01,56.72,50.09,50.01,50.09,51.24,53.01,51.04,53.01,62.68,64.40,65.60,70.72,66.29,68.01,71.70,68.26,74.03,69.97,71.02,73.24,71.69,76.32,78.49,88.75,91.27,90.70,94.03,97.42,91.02,95.96,90.43,99.30,96.21,97.80,101.83,100.00,95.90,105.42,77.06,75.71,79.01,81.01,80.62,83.86,77.93,81.88,83.86,78.26,80.60,83.55,82.46,86.35,37.64,41.62,28.84,33.62,36.72,39.45,40.71,42.72,37.58,35.47,36.77,38.48,40.50,39.85,42.95,41.44,40.02,49.16,46.17,46.57,45.88,45.69,50.96,49.65,48.33,48.85,51.26,27.66,32.02,44.18,39.96,35.51,29.68,32.28,40.20,46.87,32.45,30.36,44.69,52.70
47.17,10.77,10.20,4.00,3.00,4.47,5.00,4.12,11.70,2.00,1.41,0.00,12.04,5.00,4.47,2.24,38.01,38.12,32.89,41.01,41.30,41.77,43.05,43.19,44.05,44.00,44.41,47.04,47.04,55.90,49.04,49.00,49.16,50.16,52.00,50.09,52.04,62.43,64.20,65.44,70.71,66.03,67.80,71.59,67.96,73.88,69.64,70.72,73.01,71.34,76.01,78.24,89.04,91.59,90.97,94.34,97.75,91.26,96.25,90.60,99.57,96.40,98.01,102.08,100.21,96.05,105.60,78.03,76.49,80.00,82.00,81.50,84.72,78.77,82.73,84.72,79.08,81.39,84.34,83.20,87.10,39.05,43.01,30.23,34.99,38.08,40.82,42.06,44.10,38.91,36.77,38.08,39.81,41.79,41.11,44.28,42.72,41.23,50.25,47.43,47.80,47.17,47.01,52.20,50.92,49.66,50.16,52.55,28.86,33.06,45.28,41.34,36.89,31.06,33.53,41.30,48.05,33.84,31.62,46.10,54.08
53.76,22.56,22.20,16.03,15.03,16.03,15.30,13.34,3.16,12.04,13.00,12.04,0.00,7.07,8.54,11.40,26.00,26.08,37.80,29.00,29.27,29.83,31.14,31.14,32.14,32.02,32.39,35.13,35.01,43.93,37.12,37.01,37.12,38.33,40.01,38.05,40.01,52.40,54.45,55.87,62.01,55.97,58.00,62.29,57.63,64.35,59.20,60.44,63.03,60.80,65.60,68.12,82.29,85.00,84.08,87.66,91.29,84.12,89.44,83.01,92.59,88.84,90.55,94.89,92.78,88.20,97.94,77.65,74.06,79.91,81.88,80.06,83.01,77.01,81.01,83.01,77.01,79.06,82.05,80.31,84.29,47.01,50.25,37.64,41.73,44.55,47.38,48.17,50.91,44.69,42.01,43.42,45.45,46.62,45.49,49.82,47.43,44.78,51.87,51.62,51.48,51.87,52.20,55.95,55.23,55.00,55.22,57.14,33.02,34.93,47.17,48.08,43.86,38.29,38.01,43.46,50.99,41.11,36.40,54.04,60.83
50.00,15.52,15.13,9.00,8.00,9.22,8.94,7.21,7.21,5.39,6.08,5.00,7.07,0.00,2.24,4.47,33.02,33.14,34.89,36.01,36.35,36.88,38.05,38.21,39.05,39.00,39.46,42.05,42.05,50.99,44.05,44.00,44.18,45.18,47.00,45.10,47.04,58.41,60.31,61.62,67.27,62.01,63.89,67.90,63.82,70.09,65.46,66.61,69.03,67.12,71.85,74.20,86.45,89.07,88.32,91.79,95.29,88.51,93.65,87.66,96.90,93.48,95.13,99.32,97.35,93.01,102.65,78.06,75.66,80.16,82.15,81.10,84.21,78.23,82.22,84.21,78.41,80.62,83.60,82.20,86.15,42.43,46.10,33.30,37.80,40.80,43.60,44.65,47.01,41.34,38.95,40.31,42.19,43.83,42.95,46.65,44.72,42.72,50.99,49.24,49.40,49.19,49.24,53.85,52.80,51.97,52.35,54.56,30.46,33.73,46.10,44.20,39.82,34.06,35.34,42.20,49.34,36.88,33.54,49.50,57.01
51.04,14.14,14.00,8.25,7.28,8.94,9.22,7.81,9.22,5.66,5.83,4.47,8.54,2.24,0.00,3.00,34.13,34.37,36.25,37.12,37.66,38.33,39.00,39.46,40.00,40.05,40.79,43.00,43.19,52.39,45.00,45.04,45.40,46.04,48.04,46.27,48.17,60.44,62.37,63.70,69.43,64.03,65.95,70.01,65.80,72.18,67.42,68.60,71.06,69.07,73.82,76.22,88.68,91.30,90.55,94.02,97.53,90.74,95.88,89.87,99.13,95.69,97.35,101.55,99.57,95.21,104.86,80.02,77.78,82.10,84.10,83.15,86.28,80.31,84.29,86.28,80.50,82.73,85.71,84.34,88.28,43.19,47.01,34.21,38.83,41.88,44.65,45.79,48.01,42.54,40.25,41.59,43.42,45.19,44.38,47.89,46.10,44.27,52.77,50.70,50.92,50.57,50.54,55.36,54.23,53.24,53.67,55.95,31.95,35.51,47.85,45.22,40.80,35.00,36.77,43.93,50.96,37.80,34.93,50.25,58.01
49.40,11.18,11.00,5.39,4.47,6.40,7.21,6.32,11.66,4.12,3.61,2.24,11.40,4.47,3.00,0.00,37.12,37.34,35.11,40.11,40.61,41.23,42.00,42.43,43.00,43.05,43.74,46.00,46.17,55.32,48.00,48.04,48.37,49.04,51.04,49.25,51.16,62.80,64.66,65.95,71.45,66.40,68.25,72.18,68.24,74.41,69.89,71.03,73.41,71.56,76.28,78.60,90.21,92.78,92.11,95.52,98.98,92.36,97.42,91.61,100.70,97.42,99.05,103.17,101.26,97.01,106.61,80.01,78.26,82.01,84.01,83.38,86.58,80.62,84.59,86.58,80.89,83.19,86.15,84.93,88.84,41.23,45.22,32.45,37.22,40.31,43.05,44.29,46.32,41.15,39.00,40.31,42.05,44.01,43.32,46.52,44.94,43.42,52.35,49.65,50.00,49.40,49.24,54.41,53.14,51.89,52.39,54.78,31.05,35.13,47.38,43.57,39.12,33.29,35.74,43.42,50.22,36.06,33.84,48.27,56.30
74.09,48.26,48.09,42.01,41.01,42.01,41.11,39.12,27.17,38.01,39.00,38.01,26.00,33.02,34.13,37.12,0.00,2.00,57.45,3.00,5.00,7.62,5.83,5.83,6.71,6.08,7.81,9.49,9.06,19.24,11.40,11.05,11.40,13.00,14.04,12.17,14.04,37.34,40.16,42.06,50.45,40.31,43.08,48.70,40.71,49.77,41.68,43.42,46.96,42.72,47.71,51.11,74.67,77.65,75.95,79.91,83.86,75.31,81.22,73.01,83.74,78.59,80.52,85.38,82.71,77.20,86.98,85.00,77.49,87.66,89.47,85.09,87.28,81.60,85.38,87.28,80.96,82.28,85.16,82.23,86.12,69.35,71.59,60.01,63.06,65.37,68.10,68.26,71.69,64.66,61.59,62.97,65.19,65.22,63.60,69.07,65.80,61.85,65.19,68.88,68.01,69.81,70.80,72.18,72.35,73.60,73.41,74.52,52.48,51.22,61.52,68.96,65.30,60.42,57.14,58.73,66.48,63.07,56.08,76.03,80.99
73.06,48.51,48.26,42.11,41.11,42.01,41.01,39.01,27.02,38.01,39.05,38.12,26.08,33.14,34.37,37.34,2.00,0.00,56.44,3.61,3.61,5.83,7.07,5.10,7.81,6.71,6.71,10.30,9.06,18.38,12.08,11.40,11.05,13.89,14.32,12.00,14.04,35.47,38.28,40.16,48.51,38.48,41.23,46.82,38.95,47.93,39.96,41.68,45.18,41.05,46.04,49.40,72.69,75.66,73.98,77.93,81.88,73.35,79.25,71.06,81.79,76.66,78.59,83.43,80.78,75.29,85.07,83.19,75.58,85.87,87.66,83.22,85.38,79.71,83.49,85.38,79.06,80.36,83.24,80.28,84.17,68.54,70.66,59.24,62.17,64.41,67.12,67.23,70.71,63.63,60.54,61.91,64.14,64.07,62.43,67.96,64.64,60.61,63.70,67.62,66.71,68.60,69.63,70.84,71.06,72.42,72.20,73.25,51.48,50.00,60.11,68.00,64.40,59.62,56.08,57.38,65.12,62.24,55.07,75.15,79.92
16.64,35.01,33.02,31.78,32.02,29.83,28.16,28.79,34.83,31.02,31.62,32.89,37.80,34.89,36.25,35.11,57.45,56.44,0.00,60.03,58.14,56.86,63.29,60.37,64.14,63.13,60.42,66.73,64.85,69.26,68.48,67.54,65.80,70.33,70.21,67.12,69.35,62.20,62.51,62.80,63.89,65.38,65.76,66.94,68.26,69.86,70.26,70.46,71.02,72.25,75.66,76.30,73.60,75.43,75.80,78.24,80.81,76.84,80.43,77.70,84.02,82.93,84.05,87.01,86.02,83.53,91.84,48.76,51.11,50.22,52.17,53.85,57.38,51.89,55.54,57.38,52.77,55.47,58.14,58.31,61.77,14.04,14.56,8.49,7.07,8.25,10.77,10.82,14.32,7.21,4.24,5.66,7.81,8.94,8.25,12.04,9.85,9.06,19.92,14.56,15.13,14.32,14.42,19.42,18.03,17.20,17.49,19.70,5.00,9.22,15.23,11.70,9.00,7.81,1.41,11.66,16.03,8.54,1.41,19.42,23.60
76.66,51.24,51.09,45.01,44.01,45.01,44.10,42.11,30.15,41.01,42.00,41.01,29.00,36.01,37.12,40.11,3.00,3.61,60.03,0.00,4.00,7.00,3.61,3.61,4.24,3.16,5.83,6.71,6.08,16.64,8.54,8.06,8.54,10.30,11.05,9.22,11.05,36.40,39.29,41.23,49.82,39.22,42.06,47.80,39.40,48.70,40.25,42.05,45.69,41.18,46.14,49.65,74.33,77.32,75.54,79.51,83.49,74.81,80.75,72.37,83.19,77.88,79.83,84.72,82.00,76.40,86.13,86.31,78.43,89.01,90.79,86.16,88.26,82.64,86.38,88.26,81.93,83.17,86.02,82.97,86.83,72.09,74.24,62.77,65.74,68.00,70.71,70.83,74.30,67.23,64.14,65.51,67.74,67.68,66.03,71.56,68.24,64.20,67.21,71.22,70.29,72.20,73.24,74.41,74.65,76.03,75.80,76.84,55.07,53.60,63.66,71.59,67.98,63.16,59.68,60.96,68.68,65.80,58.67,78.72,83.53
74.71,51.79,51.48,45.28,44.28,45.10,44.01,42.01,30.02,41.11,42.19,41.30,29.27,36.35,37.66,40.61,5.00,3.61,58.14,4.00,0.00,3.00,7.28,2.24,7.62,5.83,3.16,9.22,6.71,14.87,10.63,9.43,8.06,12.73,12.08,9.22,11.40,32.57,35.44,37.36,45.89,35.47,38.28,43.97,35.78,44.94,36.72,38.47,42.05,37.74,42.72,46.14,70.35,73.33,71.57,75.54,79.51,70.86,76.79,68.45,79.25,73.98,75.93,80.81,78.10,72.53,82.28,82.76,74.67,85.48,87.24,82.46,84.50,78.92,82.64,84.50,78.19,79.38,82.22,79.12,82.97,70.58,72.50,61.35,64.08,66.21,68.88,68.88,72.45,65.30,62.18,63.53,65.76,65.51,63.81,69.46,66.04,61.85,64.35,68.82,67.80,69.89,71.02,71.84,72.20,73.78,73.50,74.40,53.23,51.31,60.96,69.78,66.31,61.68,57.71,58.41,66.07,64.26,56.80,77.08,81.49
73.35,52.39,51.97,45.71,44.72,45.40,44.18,42.19,30.27,41.44,42.58,41.77,29.83,36.88,38.33,41.23,7.62,5.83,56.86,7.00,3.00,0.00,10.20,4.47,10.44,8.54,3.61,11.66,8.49,14.14,12.81,11.31,8.94,15.00,13.60,10.30,12.53,29.73,32.57,34.48,42.95,32.70,35.47,41.11,33.12,42.15,34.13,35.85,39.36,35.23,40.22,43.57,67.36,70.35,68.59,72.56,76.53,67.90,73.82,65.51,76.30,71.06,73.01,77.88,75.19,69.64,79.40,80.13,71.87,82.86,84.60,79.71,81.71,76.16,79.85,81.71,75.39,76.55,79.38,76.24,80.08,69.57,71.31,60.44,62.97,65.00,67.62,67.54,71.18,63.98,60.84,62.17,64.40,64.01,62.27,68.00,64.50,60.21,62.29,67.12,66.03,68.26,69.46,70.00,70.46,72.20,71.87,72.67,52.00,49.74,59.03,68.54,65.19,60.73,56.36,56.61,64.20,63.25,55.54,75.96,80.06
79.92,53.04,53.00,47.04,46.04,47.17,46.39,44.41,32.56,43.19,44.10,43.05,31.14,38.05,39.00,42.00,5.83,7.07,63.29,3.61,7.28,10.20,0.00,6.00,1.00,2.24,8.06,4.00,5.66,16.97,6.00,6.32,8.49,7.28,9.22,8.60,9.85,38.83,41.77,43.74,52.47,41.48,44.38,50.22,41.44,50.96,42.15,44.01,47.76,42.95,47.85,51.48,77.16,80.16,78.31,82.30,86.28,77.52,83.49,74.97,85.84,80.41,82.38,87.30,84.53,78.85,88.53,89.89,81.93,92.59,94.37,89.69,91.76,86.16,89.89,91.76,85.44,86.65,89.49,86.40,90.25,75.15,77.41,65.80,68.88,71.20,73.93,74.09,77.52,70.49,67.42,68.80,71.02,71.03,69.40,74.89,71.61,67.62,70.77,74.65,73.76,75.60,76.61,77.90,78.10,79.40,79.20,80.28,58.31,57.01,67.18,74.79,71.12,66.21,62.97,64.44,72.18,68.88,61.91,81.84,86.82
76.94,53.60,53.34,47.17,46.17,47.04,46.00,44.00,32.00,43.05,44.10,43.19,31.14,38.21,39.46,42.43,5.83,5.10,60.37,3.61,2.24,4.47,6.00,0.00,6.08,4.12,2.24,7.21,4.47,13.42,8.49,7.21,6.00,10.63,9.85,7.07,9.22,32.98,35.90,37.85,46.53,35.74,38.60,44.38,35.85,45.22,36.67,38.48,42.15,37.59,42.54,46.07,71.18,74.17,72.34,76.32,80.31,71.57,77.52,69.05,79.91,74.53,76.49,81.39,78.64,73.01,82.71,84.60,76.32,87.32,89.07,84.17,86.16,80.62,84.31,86.16,79.85,80.99,83.82,80.65,84.48,72.80,74.73,63.57,66.31,68.45,71.11,71.12,74.69,67.54,64.41,65.76,68.00,67.74,66.04,71.69,68.26,64.07,66.48,71.03,70.00,72.11,73.25,74.03,74.40,76.01,75.72,76.61,55.46,53.54,63.13,72.01,68.54,63.91,59.94,60.61,68.25,66.48,59.03,79.31,83.73
80.78,54.04,54.00,48.04,47.04,48.17,47.38,45.40,33.54,44.18,45.10,44.05,32.14,39.05,40.00,43.00,6.71,7.81,64.14,4.24,7.62,10.44,1.00,6.08,0.00,2.00,8.00,3.00,5.00,16.28,5.00,5.39,7.81,6.32,8.25,7.81,8.94,38.64,41.59,43.57,52.35,41.23,44.15,50.01,41.11,50.70,41.79,43.66,47.43,42.54,47.42,51.08,77.10,80.10,78.23,82.22,86.21,77.41,83.38,74.81,85.71,80.23,82.20,87.13,84.34,78.64,88.29,90.35,82.28,93.06,94.83,90.08,92.11,86.54,90.25,92.11,85.80,86.98,89.81,86.68,90.52,76.06,78.29,66.71,69.77,72.07,74.79,74.95,78.39,71.34,68.26,69.64,71.87,71.85,70.21,75.72,72.42,68.41,71.45,75.43,74.52,76.40,77.42,78.64,78.87,80.21,80.00,81.06,59.17,57.80,67.90,75.66,72.01,67.12,63.81,65.19,72.92,69.78,62.77,82.73,87.66
79.76,54.15,54.04,48.00,47.00,48.04,47.17,45.18,33.24,44.05,45.01,44.00,32.02,39.00,40.05,43.05,6.08,6.71,63.13,3.16,5.83,8.54,2.24,4.12,2.00,0.00,6.00,3.61,3.61,14.87,5.39,5.00,6.40,7.21,8.00,6.71,8.25,36.67,39.62,41.59,50.36,39.29,42.20,48.05,39.22,48.76,39.92,41.79,45.54,40.72,45.62,49.24,75.11,78.10,76.24,80.22,84.21,75.43,81.39,72.84,83.73,78.26,80.23,85.16,82.38,76.69,86.35,88.59,80.41,91.30,93.06,88.24,90.25,84.69,88.39,90.25,83.93,85.09,87.92,84.77,88.60,75.24,77.37,65.92,68.88,71.12,73.82,73.93,77.41,70.33,67.23,68.60,70.83,70.72,69.07,74.63,71.28,67.20,70.01,74.20,73.25,75.21,76.28,77.34,77.62,79.06,78.82,79.81,58.18,56.61,66.53,74.71,71.11,66.31,62.77,63.89,71.59,68.94,61.77,81.86,86.61
76.92,54.92,54.59,48.37,47.38,48.17,47.04,45.04,33.06,44.18,45.28,44.41,32.39,39.46,40.79,43.74,7.81,6.71,60.42,5.83,3.16,3.61,8.06,2.24,8.00,6.00,0.00,8.54,5.00,11.70,9.43,7.81,5.39,11.66,10.00,6.71,8.94,30.81,33.73,35.69,44.41,33.53,36.40,42.20,33.62,43.01,34.44,36.25,39.92,35.36,40.31,43.83,69.12,72.11,70.26,74.24,78.23,69.46,75.43,66.91,77.78,72.37,74.33,79.25,76.49,70.83,80.52,83.35,74.85,86.09,87.82,82.76,84.69,79.20,82.86,84.69,78.39,79.48,82.28,79.06,82.86,73.05,74.85,63.89,66.48,68.54,71.18,71.11,74.73,67.54,64.40,65.74,67.98,67.60,65.86,71.59,68.10,63.81,65.86,70.72,69.63,71.87,73.06,73.60,74.06,75.80,75.47,76.28,55.54,53.34,62.63,72.09,68.71,64.20,59.93,60.22,67.80,66.73,59.09,79.48,83.65
83.35,57.04,57.00,51.04,50.04,51.16,50.36,48.37,36.50,47.17,48.09,47.04,35.13,42.05,43.00,46.00,9.49,10.30,66.73,6.71,9.22,11.66,4.00,7.21,3.00,3.61,8.54,0.00,4.00,14.42,2.00,2.83,6.32,3.61,5.39,5.83,6.40,38.21,41.19,43.19,52.09,40.61,43.57,49.50,40.26,50.01,40.80,42.72,46.57,41.44,46.24,49.98,77.01,80.01,78.06,82.05,86.05,77.16,83.15,74.43,85.38,79.76,81.74,86.70,83.86,78.09,87.66,91.79,83.38,94.51,96.25,91.29,93.23,87.73,91.39,93.23,86.93,88.02,90.82,87.60,91.39,78.79,80.95,69.46,72.45,74.71,77.41,77.52,81.01,73.93,70.83,72.20,74.43,74.33,72.67,78.23,74.89,70.80,73.54,77.80,76.84,78.82,79.88,80.92,81.22,82.66,82.42,83.41,61.77,60.22,70.09,78.29,74.69,69.86,66.37,67.48,75.17,72.50,65.37,85.43,90.21
81.41,57.31,57.14,51.04,50.04,51.00,50.04,48.04,36.06,47.00,48.01,47.04,35.01,42.05,43.19,46.17,9.06,9.06,64.85,6.08,6.71,8.49,5.66,4.47,5.00,3.61,5.00,4.00,0.00,11.31,4.47,2.83,2.83,6.71,5.39,3.16,5.00,34.23,37.22,39.20,48.09,36.67,39.62,45.54,36.40,46.10,37.00,38.90,42.72,37.70,42.54,46.24,73.01,76.01,74.06,78.06,82.05,73.17,79.16,70.46,81.39,75.80,77.78,82.73,79.91,74.15,83.74,88.32,79.71,91.07,92.78,87.66,89.55,84.10,87.73,89.55,83.26,84.31,87.09,83.82,87.60,77.25,79.20,68.01,70.77,72.92,75.58,75.59,79.16,72.01,68.88,70.24,72.47,72.20,70.49,76.16,72.72,68.51,70.77,75.45,74.40,76.55,77.70,78.41,78.82,80.45,80.16,81.02,59.93,57.98,67.48,76.49,73.01,68.35,64.41,65.00,72.62,70.94,63.51,83.77,88.19
85.44,66.49,66.10,59.84,58.86,59.54,58.31,56.32,44.41,55.58,56.72,55.90,43.93,50.99,52.39,55.32,19.24,18.38,69.26,16.64,14.87,14.14,16.97,13.42,16.28,14.87,11.70,14.42,11.31,0.00,13.42,11.66,8.49,14.87,10.44,8.60,8.54,26.31,29.27,31.26,40.31,28.02,31.02,37.01,27.07,37.05,27.29,29.27,33.24,27.66,32.28,36.14,65.38,68.36,66.19,70.18,74.17,65.07,71.06,62.00,73.00,67.07,69.07,74.06,71.11,65.19,74.55,86.21,76.32,89.02,90.60,84.60,86.09,80.99,84.38,86.09,79.92,80.62,83.24,79.61,83.19,82.46,83.82,73.55,75.69,77.49,80.01,79.71,83.49,76.22,73.05,74.33,76.55,75.77,73.93,79.85,76.16,71.59,72.11,78.26,76.94,79.62,81.02,80.62,81.41,83.67,83.19,83.65,64.56,61.47,69.46,80.96,77.88,73.76,68.62,67.54,74.79,76.16,68.01,88.60,91.92
85.09,59.03,59.00,53.04,52.04,53.15,52.35,50.36,38.47,49.16,50.09,49.04,37.12,44.05,45.00,48.00,11.40,12.08,68.48,8.54,10.63,12.81,6.00,8.49,5.00,5.39,9.43,2.00,4.47,13.42,0.00,2.00,6.00,2.24,3.61,5.10,5.00,38.05,41.05,43.05,52.01,40.31,43.29,49.25,39.81,49.65,40.26,42.20,46.10,40.80,45.54,49.34,77.01,80.01,78.01,82.01,86.01,77.06,83.05,74.24,85.21,79.51,81.50,86.47,83.60,77.78,87.30,92.78,84.17,95.52,97.25,92.14,94.02,88.57,92.20,94.02,87.73,88.77,91.55,88.26,92.03,80.62,82.73,71.31,74.25,76.48,79.18,79.26,82.76,75.66,72.56,73.93,76.16,76.01,74.33,79.92,76.55,72.42,74.97,79.40,78.41,80.45,81.54,82.46,82.80,84.31,84.05,85.00,63.53,61.85,71.59,80.06,76.49,71.69,68.10,69.03,76.69,74.32,67.12,87.24,91.92
84.12,59.14,59.03,53.00,52.00,53.04,52.15,50.16,38.21,49.04,50.01,49.00,37.01,44.00,45.04,48.04,11.05,11.40,67.54,8.06,9.43,11.31,6.32,7.21,5.39,5.00,7.81,2.83,2.83,11.66,2.00,0.00,4.00,4.12,3.00,3.16,3.61,36.06,39.05,41.05,50.01,38.33,41.30,47.27,37.85,47.68,38.33,40.26,44.15,38.90,43.66,47.43,75.01,78.01,76.01,80.01,84.01,75.06,81.06,72.25,83.22,77.52,79.51,84.48,81.61,75.80,85.33,91.07,82.35,93.81,95.52,90.34,92.20,86.76,90.38,92.20,85.91,86.93,89.69,86.38,90.14,79.85,81.86,70.58,73.41,75.58,78.26,78.29,81.84,74.71,71.59,72.95,75.18,74.95,73.25,78.89,75.47,71.28,73.59,78.24,77.20,79.32,80.45,81.22,81.61,83.22,82.93,83.82,62.61,60.75,70.29,79.16,75.64,70.94,67.12,67.80,75.43,73.54,66.19,86.41,90.92
82.29,59.54,59.30,53.15,52.15,53.04,52.00,50.00,38.00,49.04,50.09,49.16,37.12,44.18,45.40,48.37,11.40,11.05,65.80,8.54,8.06,8.94,8.49,6.00,7.81,6.40,5.39,6.32,2.83,8.49,6.00,4.00,0.00,8.06,5.00,1.41,3.61,32.06,35.06,37.05,46.01,34.37,37.34,43.29,33.96,43.74,34.48,36.40,40.26,35.11,39.92,43.66,71.01,74.01,72.01,76.01,80.01,71.06,77.06,68.26,79.23,73.55,75.54,80.50,77.65,71.85,81.39,87.66,78.72,90.43,92.11,86.77,88.57,83.19,86.76,88.57,82.29,83.26,86.01,82.64,86.38,78.43,80.23,69.26,71.87,73.93,76.56,76.49,80.11,72.92,69.78,71.11,73.35,72.95,71.20,76.94,73.43,69.12,70.94,76.01,74.89,77.18,78.39,78.82,79.32,81.12,80.78,81.54,60.93,58.67,67.80,77.47,74.09,69.57,65.31,65.46,73.01,72.11,64.47,84.86,89.01
86.95,60.00,60.03,54.15,53.15,54.33,53.60,51.62,39.81,50.36,51.24,50.16,38.33,45.18,46.04,49.04,13.00,13.89,70.33,10.30,12.73,15.00,7.28,10.63,6.32,7.21,11.66,3.61,6.71,14.87,2.24,4.12,8.06,0.00,4.47,7.00,6.32,40.01,43.01,45.01,54.00,42.19,45.18,51.16,41.59,51.48,41.98,43.93,47.85,42.45,47.13,50.96,79.03,82.02,80.00,84.00,88.00,79.03,85.02,76.16,87.14,81.39,83.38,88.36,85.48,79.63,89.11,95.02,86.41,97.75,99.48,94.37,96.25,90.80,94.43,96.25,89.96,91.00,93.78,90.48,94.24,82.35,84.53,73.01,76.03,78.29,81.01,81.12,84.60,77.52,74.43,75.80,78.03,77.94,76.28,81.84,78.49,74.40,77.08,81.40,80.43,82.42,83.49,84.50,84.81,86.27,86.02,87.01,65.37,63.82,73.66,81.88,78.26,73.41,69.97,71.06,78.75,76.06,68.96,89.00,93.81
86.77,62.13,62.03,56.00,55.00,56.04,55.15,53.15,41.19,52.04,53.01,52.00,40.01,47.00,48.04,51.04,14.04,14.32,70.21,11.05,12.08,13.60,9.22,9.85,8.25,8.00,10.00,5.39,5.39,10.44,3.61,3.00,5.00,4.47,0.00,3.61,2.00,36.01,39.01,41.01,50.04,38.05,41.05,47.04,37.34,47.27,37.66,39.62,43.57,38.08,42.72,46.57,75.11,78.10,76.03,80.02,84.02,75.00,81.00,72.06,83.05,77.23,79.23,84.21,81.30,75.43,84.85,92.65,83.63,95.41,97.10,91.71,93.47,88.12,91.68,93.47,87.21,88.14,90.87,87.46,91.18,82.64,84.58,73.39,76.16,78.29,80.96,80.95,84.53,77.37,74.24,75.59,77.83,77.52,75.80,81.49,78.03,73.78,75.82,80.71,79.63,81.84,83.01,83.60,84.05,85.76,85.44,86.27,65.31,63.29,72.62,81.86,78.39,73.74,69.77,70.21,77.80,76.32,68.88,89.16,93.54
83.63,60.41,60.21,54.08,53.08,54.01,53.01,51.01,39.01,50.01,51.04,50.09,38.05,45.10,46.27,49.25,12.17,12.00,67.12,9.22,9.22,10.30,8.60,7.07,7.81,6.71,6.71,5.83,3.16,8.60,5.10,3.16,1.41,7.00,3.61,0.00,2.24,33.02,36.01,38.01,47.00,35.23,38.21,44.18,34.71,44.55,35.17,37.11,41.00,35.74,40.50,44.27,72.03,75.03,73.00,77.00,81.00,72.03,78.03,69.18,80.16,74.43,76.42,81.39,78.52,72.69,82.20,89.04,80.06,91.81,93.49,88.12,89.90,84.53,88.10,89.90,83.63,84.58,87.32,83.93,87.66,79.71,81.54,70.52,73.16,75.24,77.88,77.82,81.44,74.25,71.11,72.45,74.69,74.30,72.56,78.29,74.79,70.49,72.35,77.39,76.28,78.55,79.76,80.21,80.71,82.49,82.15,82.93,62.24,60.03,69.20,78.79,75.39,70.84,66.64,66.85,74.40,73.39,65.80,86.16,90.35
85.87,62.29,62.13,56.04,55.04,56.00,55.04,53.04,41.05,52.00,53.01,52.04,40.01,47.04,48.17,51.16,14.04,14.04,69.35,11.05,11.40,12.53,9.85,9.22,8.94,8.25,8.94,6.40,5.00,8.54,5.00,3.61,3.61,6.32,2.00,2.24,0.00,34.01,37.01,39.01,48.04,36.06,39.05,45.04,35.36,45.28,35.69,37.66,41.59,36.14,40.80,44.64,73.11,76.11,74.03,78.03,82.02,73.00,79.00,70.06,81.06,75.24,77.23,82.22,79.31,73.44,82.87,90.97,81.84,93.74,95.41,89.94,91.68,86.35,89.89,91.68,85.42,86.33,89.05,85.62,89.32,81.93,83.77,72.73,75.39,77.47,80.11,80.06,83.67,76.49,73.35,74.69,76.92,76.54,74.79,80.53,77.03,72.72,74.52,79.61,78.49,80.78,81.99,82.42,82.93,84.72,84.38,85.15,64.47,62.27,71.40,81.02,77.62,73.05,68.88,69.07,76.61,75.61,68.03,88.39,92.59
76.11,72.95,71.87,65.73,64.90,64.66,62.77,61.06,51.22,61.29,62.68,62.43,52.40,58.41,60.44,62.80,37.34,35.47,62.20,36.40,32.57,29.73,38.83,32.98,38.64,36.67,30.81,38.21,34.23,26.31,38.05,36.06,32.06,40.01,36.01,33.02,34.01,0.00,3.00,5.00,14.04,3.61,5.83,11.40,6.08,12.53,8.06,8.54,10.63,10.05,13.93,15.81,39.12,42.11,40.01,44.01,48.01,39.01,45.01,36.22,47.17,41.59,43.57,48.51,45.71,40.02,49.73,64.54,53.08,67.36,68.68,61.55,62.48,58.00,60.96,62.48,56.64,56.85,59.20,55.22,58.52,76.24,76.01,68.88,69.26,70.06,72.01,71.01,75.01,68.01,65.03,66.01,68.00,66.07,64.07,70.11,66.12,61.13,57.72,66.61,64.78,68.47,70.35,67.47,69.05,72.56,71.70,71.20,58.55,53.08,56.72,73.01,71.18,68.73,61.13,56.22,61.98,70.46,61.29,81.01,81.50
76.01,74.63,73.50,67.42,66.61,66.29,64.35,62.68,53.15,63.01,64.40,64.20,54.45,60.31,62.37,64.66,40.16,38.28,62.51,39.29,35.44,32.57,41.77,35.90,41.59,39.62,33.73,41.19,37.22,29.27,41.05,39.05,35.06,43.01,39.01,36.01,37.01,3.00,0.00,2.00,11.05,3.16,3.61,8.54,6.32,10.00,8.25,8.00,8.94,10.20,13.15,14.32,36.12,39.12,37.01,41.01,45.01,36.01,42.01,33.24,44.18,38.64,40.61,45.54,42.76,37.11,46.84,62.63,50.91,65.44,66.71,59.40,60.21,55.87,58.73,60.21,54.45,54.56,56.85,52.80,56.04,76.53,76.11,69.43,69.58,70.26,72.11,71.03,75.03,68.12,65.19,66.12,68.07,66.00,64.00,70.01,66.01,61.01,57.07,66.27,64.38,68.18,70.11,66.91,68.59,72.25,71.34,70.71,59.03,53.34,56.32,73.11,71.45,69.23,61.40,56.04,61.52,70.86,61.66,81.10,81.22
76.01,75.80,74.63,68.60,67.80,67.42,65.46,63.82,54.49,64.20,65.60,65.44,55.87,61.62,63.70,65.95,42.06,40.16,62.80,41.23,37.36,34.48,43.74,37.85,43.57,41.59,35.69,43.19,39.20,31.26,43.05,41.05,37.05,45.01,41.01,38.01,39.01,5.00,2.00,0.00,9.06,4.24,3.00,6.71,7.21,8.49,8.94,8.25,8.25,10.77,13.00,13.60,34.13,37.12,35.01,39.01,43.01,34.01,40.01,31.26,42.19,36.67,38.64,43.57,40.79,35.17,44.92,61.40,49.52,64.20,65.44,58.00,58.73,54.49,57.28,58.73,53.04,53.08,55.32,51.22,54.41,76.79,76.24,69.86,69.87,70.46,72.25,71.11,75.11,68.26,65.38,66.27,68.18,66.03,64.03,70.01,66.01,61.01,56.72,66.12,64.20,68.07,70.03,66.61,68.36,72.11,71.18,70.46,59.44,53.60,56.14,73.25,71.70,69.63,61.66,56.00,61.29,71.20,61.98,81.22,81.10
75.66,80.72,79.40,73.59,72.86,72.25,70.18,68.68,60.31,69.31,70.72,70.71,62.01,67.27,69.43,71.45,50.45,48.51,63.89,49.82,45.89,42.95,52.47,46.53,52.35,50.36,44.41,52.09,48.09,40.31,52.01,50.01,46.01,54.00,50.04,47.00,48.04,14.04,11.05,9.06,0.00,12.65,9.85,5.00,14.76,7.62,15.81,14.21,11.40,17.03,16.64,14.87,25.08,28.07,26.00,30.00,34.00,25.08,31.06,22.56,33.38,28.16,30.08,34.93,32.28,26.93,36.77,55.57,43.01,58.31,59.36,51.40,51.74,48.01,50.45,51.74,46.40,46.10,48.10,43.84,46.75,77.62,76.49,71.51,70.88,71.06,72.57,71.20,75.13,68.66,65.97,66.71,68.45,65.92,63.95,69.72,65.76,60.83,55.00,65.19,63.13,67.27,69.35,65.00,67.03,71.18,70.11,69.01,61.10,54.71,55.23,73.55,72.53,71.17,62.64,55.73,60.07,72.42,63.25,81.39,80.16
79.03,76.55,75.47,69.34,68.51,68.26,66.37,64.66,54.82,64.90,66.29,66.03,55.97,62.01,64.03,66.40,40.31,38.48,65.38,39.22,35.47,32.70,41.48,35.74,41.23,39.29,33.53,40.61,36.67,28.02,40.31,38.33,34.37,42.19,38.05,35.23,36.06,3.61,3.16,4.24,12.65,0.00,3.00,9.00,3.16,9.49,5.10,5.10,7.07,7.07,10.44,12.21,37.48,40.45,38.21,42.19,46.17,37.05,43.05,34.01,45.01,39.20,41.19,46.17,43.29,37.48,47.07,65.60,53.76,68.41,69.66,62.24,62.97,58.73,61.52,62.97,57.28,57.31,59.55,55.44,58.60,79.40,79.06,72.18,72.44,73.17,75.06,74.01,78.01,71.06,68.12,69.07,71.03,69.01,67.01,73.03,69.03,64.03,60.21,69.35,67.48,71.25,73.17,70.04,71.70,75.33,74.43,73.82,61.81,56.22,59.41,76.06,74.33,72.01,64.28,59.08,64.63,73.68,64.50,84.05,84.29
79.01,78.24,77.10,71.03,70.21,69.89,67.96,66.29,56.73,66.61,68.01,67.80,58.00,63.89,65.95,68.25,43.08,41.23,65.76,42.06,38.28,35.47,44.38,38.60,44.15,42.20,36.40,43.57,39.62,31.02,43.29,41.30,37.34,45.18,41.05,38.21,39.05,5.83,3.61,3.00,9.85,3.00,0.00,6.00,5.00,6.71,6.40,5.39,5.39,8.06,10.00,10.77,34.53,37.48,35.23,39.20,43.19,34.06,40.05,31.02,42.01,36.22,38.21,43.19,40.31,34.53,44.15,63.82,51.74,66.61,67.80,60.21,60.81,56.73,59.41,60.81,55.23,55.15,57.31,53.15,56.22,79.76,79.23,72.78,72.84,73.44,75.24,74.11,78.10,71.25,68.36,69.26,71.18,69.03,67.03,73.01,69.01,64.01,59.68,69.12,67.19,71.06,73.03,69.58,71.34,75.11,74.17,73.44,62.37,56.57,59.14,76.24,74.67,72.57,64.63,59.00,64.28,74.15,64.94,84.21,84.10
79.31,81.84,80.60,74.65,73.88,73.41,71.40,69.81,60.81,70.29,71.70,71.59,62.29,67.90,70.01,72.18,48.70,46.82,66.94,47.80,43.97,41.11,50.22,44.38,50.01,48.05,42.20,49.50,45.54,37.01,49.25,47.27,43.29,51.16,47.04,44.18,45.04,11.40,8.54,6.71,5.00,9.00,6.00,0.00,10.44,3.00,11.18,9.43,6.40,12.21,11.66,10.20,28.64,31.58,29.27,33.24,37.22,28.07,34.06,25.02,36.01,30.27,32.25,37.22,34.37,28.64,38.33,60.54,48.01,63.29,64.35,56.40,56.73,53.01,55.44,56.73,51.40,51.09,53.08,48.80,51.66,80.81,79.91,74.33,73.98,74.33,75.95,74.67,78.64,72.01,69.23,70.04,71.85,69.46,67.48,73.33,69.35,64.38,59.08,69.03,67.01,71.06,73.11,69.07,71.01,75.03,74.01,73.03,63.89,57.72,59.03,76.94,75.71,74.04,65.73,59.30,64.00,75.43,66.22,84.85,84.02
82.05,78.55,77.52,71.34,70.49,70.33,68.48,66.73,56.61,66.89,68.26,67.96,57.63,63.82,65.80,68.24,40.71,38.95,68.26,39.40,35.78,33.12,41.44,35.85,41.11,39.22,33.62,40.26,36.40,27.07,39.81,37.85,33.96,41.59,37.34,34.71,35.36,6.08,6.32,7.21,14.76,3.16,5.00,10.44,0.00,10.00,2.00,2.83,6.32,4.00,8.06,10.63,39.05,41.98,39.62,43.57,47.52,38.33,44.28,35.06,46.04,40.01,42.01,47.01,44.05,38.12,47.52,68.60,56.64,71.40,72.62,65.12,65.76,61.62,64.35,65.76,60.14,60.11,62.29,58.14,61.22,82.30,82.02,74.97,75.33,76.11,78.03,77.00,81.00,74.03,71.06,72.03,74.01,72.03,70.03,76.06,72.06,67.07,63.35,72.44,70.58,74.33,76.24,73.16,74.81,78.41,77.52,76.94,64.63,59.14,62.51,79.03,77.23,74.81,67.19,62.13,67.74,76.53,67.36,87.02,87.37
82.30,84.20,83.01,77.01,76.22,75.80,73.82,72.20,62.97,72.62,74.03,73.88,64.35,70.09,72.18,74.41,49.77,47.93,69.86,48.70,44.94,42.15,50.96,45.22,50.70,48.76,43.01,50.01,46.10,37.05,49.65,47.68,43.74,51.48,47.27,44.55,45.28,12.53,10.00,8.49,7.62,9.49,6.71,3.00,10.00,0.00,10.20,8.25,4.47,10.77,9.22,7.28,29.41,32.28,29.83,33.73,37.66,28.44,34.37,25.08,36.06,30.02,32.02,37.01,34.06,28.16,37.66,63.13,50.48,65.86,66.89,58.82,59.03,55.47,57.80,59.03,53.82,53.41,55.32,50.99,53.74,83.74,82.87,77.20,76.90,77.28,78.92,77.65,81.61,74.97,72.18,72.99,74.81,72.44,70.46,76.32,72.34,67.36,62.07,72.03,70.01,74.06,76.11,72.06,74.01,78.03,77.01,76.03,66.76,60.64,62.03,79.91,78.64,76.92,68.66,62.29,67.00,78.34,69.12,87.82,87.02
84.05,80.26,79.26,73.06,72.20,72.07,70.24,68.48,58.25,68.60,69.97,69.64,59.20,65.46,67.42,69.89,41.68,39.96,70.26,40.25,36.72,34.13,42.15,36.67,41.79,39.92,34.44,40.80,37.00,27.29,40.26,38.33,34.48,41.98,37.66,35.17,35.69,8.06,8.25,8.94,15.81,5.10,6.40,11.18,2.00,10.20,0.00,2.00,6.00,2.00,6.40,9.43,39.56,42.45,40.02,43.93,47.85,38.64,44.55,35.23,46.17,40.01,42.01,47.01,44.00,38.01,47.27,70.21,58.14,73.01,74.20,66.60,67.18,63.13,65.80,67.18,61.62,61.52,63.66,59.46,62.48,84.29,84.02,76.94,77.32,78.10,80.02,79.00,83.00,76.03,73.06,74.03,76.01,74.03,72.03,78.06,74.06,69.07,65.31,74.43,72.56,76.32,78.23,75.13,76.79,80.40,79.51,78.92,66.61,61.13,64.50,81.02,79.23,76.79,69.18,64.12,69.72,78.52,69.35,89.02,89.36
84.01,81.30,80.26,74.09,73.25,73.06,71.20,69.46,59.41,69.64,71.02,70.72,60.44,66.61,68.60,71.03,43.42,41.68,70.46,42.05,38.47,35.85,44.01,38.48,43.66,41.79,36.25,42.72,38.90,29.27,42.20,40.26,36.40,43.93,39.62,37.11,37.66,8.54,8.00,8.25,14.21,5.10,5.39,9.43,2.83,8.25,2.00,0.00,4.00,2.83,5.39,7.81,37.64,40.52,38.08,41.98,45.89,36.67,42.58,33.24,44.18,38.01,40.01,45.01,42.00,36.01,45.28,69.07,56.85,71.85,73.01,65.30,65.80,61.85,64.44,65.80,60.31,60.14,62.23,58.00,60.96,84.48,84.10,77.28,77.52,78.23,80.10,79.03,83.02,76.11,73.17,74.11,76.06,74.00,72.00,78.01,74.01,69.01,64.94,74.24,72.34,76.16,78.10,74.81,76.53,80.22,79.31,78.64,66.91,61.29,64.28,81.10,79.40,77.10,69.35,64.03,69.46,78.77,69.58,89.09,89.20
84.05,83.49,82.38,76.28,75.45,75.17,73.25,71.56,61.85,71.85,73.24,73.01,63.03,69.03,71.06,73.41,46.96,45.18,71.02,45.69,42.05,39.36,47.76,42.15,47.43,45.54,39.92,46.57,42.72,33.24,46.10,44.15,40.26,47.85,43.57,41.00,41.59,10.63,8.94,8.25,11.40,7.07,5.39,6.40,6.32,4.47,6.00,4.00,0.00,6.32,5.39,5.39,33.84,36.69,34.21,38.08,41.98,32.76,38.64,29.27,40.20,34.01,36.01,41.01,38.00,32.02,41.30,66.89,54.41,69.64,70.72,62.80,63.13,59.41,61.85,63.13,57.80,57.49,59.46,55.17,58.00,85.00,84.38,78.10,78.09,78.64,80.40,79.23,83.22,76.42,73.55,74.43,76.32,74.11,72.11,78.06,74.06,69.07,64.38,74.03,72.06,76.01,78.00,74.33,76.16,80.02,79.06,78.23,67.68,61.81,64.03,81.39,79.91,77.88,69.87,64.03,69.12,79.43,70.21,89.36,89.02
86.05,81.99,81.01,74.79,73.93,73.82,72.01,70.24,59.91,70.33,71.69,71.34,60.80,67.12,69.07,71.56,42.72,41.05,72.25,41.18,37.74,35.23,42.95,37.59,42.54,40.72,35.36,41.44,37.70,27.66,40.80,38.90,35.11,42.45,38.08,35.74,36.14,10.05,10.20,10.77,17.03,7.07,8.06,12.21,4.00,10.77,2.00,2.83,6.32,0.00,5.00,8.54,40.16,43.01,40.52,44.38,48.27,39.05,44.91,35.51,46.39,40.11,42.11,47.10,44.05,38.01,47.10,71.85,59.67,74.63,75.80,68.12,68.62,64.66,67.27,68.62,63.13,62.97,65.05,60.83,63.78,86.28,86.02,78.92,79.31,80.10,82.02,81.00,85.00,78.03,75.06,76.03,78.01,76.03,74.03,80.06,76.06,71.06,67.27,76.42,74.55,78.31,80.22,77.10,78.77,82.39,81.50,80.89,68.59,63.13,66.48,83.02,81.22,78.77,71.18,66.12,71.70,80.50,71.34,91.02,91.35
89.01,86.61,85.59,79.40,78.55,78.39,76.54,74.79,64.64,74.95,76.32,76.01,65.60,71.85,73.82,76.28,47.71,46.04,75.66,46.14,42.72,40.22,47.85,42.54,47.42,45.62,40.31,46.24,42.54,32.28,45.54,43.66,39.92,47.13,42.72,40.50,40.80,13.93,13.15,13.00,16.64,10.44,10.00,11.66,8.06,9.22,6.40,5.39,5.39,5.00,0.00,4.00,37.58,40.31,37.70,41.44,45.22,36.06,41.76,32.28,42.95,36.50,38.47,43.42,40.31,34.23,43.00,72.20,59.64,74.95,76.01,68.01,68.25,64.64,67.01,68.25,63.01,62.63,64.54,60.21,62.94,89.68,89.20,82.57,82.73,83.38,85.21,84.10,88.09,81.22,78.31,79.23,81.15,79.03,77.03,83.01,79.01,74.01,69.58,79.10,77.16,81.06,83.02,79.51,81.30,85.09,84.15,83.38,72.18,66.48,69.12,86.21,84.59,82.38,74.55,69.00,74.24,84.01,74.81,94.19,94.09
89.14,88.75,87.66,81.54,80.71,80.45,78.55,76.85,67.01,77.10,78.49,78.24,68.12,74.20,76.22,78.60,51.11,49.40,76.30,49.65,46.14,43.57,51.48,46.07,51.08,49.24,43.83,49.98,46.24,36.14,49.34,47.43,43.66,50.96,46.57,44.27,44.64,15.81,14.32,13.60,14.87,12.21,10.77,10.20,10.63,7.28,9.43,7.81,5.39,8.54,4.00,0.00,34.00,36.67,34.01,37.70,41.44,32.31,37.95,28.46,39.05,32.56,34.53,39.46,36.35,30.27,39.00,70.24,57.45,72.95,73.93,65.73,65.80,62.43,64.64,65.80,60.75,60.22,62.01,57.63,60.21,90.26,89.56,83.43,83.36,83.86,85.59,84.38,88.36,81.61,78.77,79.63,81.50,79.23,77.23,83.15,79.16,74.17,69.18,79.00,77.01,81.01,83.02,79.16,81.06,85.00,84.01,83.10,73.01,67.08,69.00,86.58,85.16,83.20,75.13,69.12,74.03,84.72,75.50,94.53,94.00
80.96,98.01,96.40,91.26,90.70,89.63,87.42,86.27,80.06,87.37,88.75,89.04,82.29,86.45,88.68,90.21,74.67,72.69,73.60,74.33,70.35,67.36,77.16,71.18,77.10,75.11,69.12,77.01,73.01,65.38,77.01,75.01,71.01,79.03,75.11,72.03,73.11,39.12,36.12,34.13,25.08,37.48,34.53,28.64,39.05,29.41,39.56,37.64,33.84,40.16,37.58,34.00,0.00,3.00,2.24,5.39,9.22,4.00,7.21,7.62,10.63,10.20,10.77,13.45,12.53,12.00,18.36,46.10,33.00,48.26,48.51,39.46,38.08,37.12,37.66,38.08,35.13,33.38,33.96,29.61,30.68,85.76,83.24,82.01,79.88,79.08,79.76,77.90,81.41,76.32,74.33,74.63,75.80,72.56,70.83,75.59,72.07,67.74,58.60,69.78,67.54,72.01,74.25,67.78,70.38,75.24,73.93,71.87,72.35,65.30,60.90,80.62,80.99,81.40,72.20,62.97,64.40,81.84,73.41,87.66,83.57
82.30,100.44,98.81,93.74,93.19,92.09,89.87,88.75,82.73,89.89,91.27,91.59,85.00,89.07,91.30,92.78,77.65,75.66,75.43,77.32,73.33,70.35,80.16,74.17,80.10,78.10,72.11,80.01,76.01,68.36,80.01,78.01,74.01,82.02,78.10,75.03,76.11,42.11,39.12,37.12,28.07,40.45,37.48,31.58,41.98,32.28,42.45,40.52,36.69,43.01,40.31,36.67,3.00,0.00,2.83,2.83,6.32,5.00,5.00,9.22,8.60,10.05,10.05,11.66,11.40,12.37,17.09,46.00,33.14,48.04,48.17,39.12,37.48,37.00,37.22,37.48,35.00,33.06,33.38,29.15,29.83,87.37,84.72,83.87,81.61,80.71,81.30,79.40,82.86,77.94,76.03,76.28,77.39,74.09,72.40,77.03,73.57,69.34,59.94,71.12,68.88,73.36,75.59,68.94,71.59,76.49,75.15,73.01,74.33,67.27,62.43,82.15,82.66,83.24,74.03,64.64,65.76,83.60,75.29,89.07,84.69
83.19,100.00,98.41,93.23,92.66,91.61,89.40,88.23,81.88,89.31,90.70,90.97,84.08,88.32,90.55,92.11,75.95,73.98,75.80,75.54,71.57,68.59,78.31,72.34,78.23,76.24,70.26,78.06,74.06,66.19,78.01,76.01,72.01,80.00,76.03,73.00,74.03,40.01,37.01,35.01,26.00,38.21,35.23,29.27,39.62,29.83,40.02,38.08,34.21,40.52,37.70,34.01,2.24,2.83,0.00,4.00,8.00,2.24,5.39,6.40,8.60,8.06,8.54,11.31,10.30,10.05,16.12,48.04,35.01,50.16,50.36,41.30,39.81,39.05,39.46,39.81,37.05,35.23,35.69,31.40,32.28,87.98,85.48,84.20,82.10,81.30,81.99,80.13,83.65,78.55,76.55,76.85,78.03,74.79,73.06,77.83,74.30,69.97,60.84,72.01,69.78,74.25,76.49,70.01,72.62,77.47,76.16,74.09,74.52,67.48,63.13,82.86,83.22,83.60,74.40,65.19,66.64,84.05,75.60,89.89,85.80
